#N canvas 178 31 850 551 10;
#X obj 35 42 osc~;
#X floatatom 33 18 5 0 0 0 - - -;
#X obj 35 113 clip~ 0 1;
#X obj 161 282 spectrogram~;
#X obj 224 49 phasor~;
#X obj 225 80 expr~ $v1 > 0.5;
#X floatatom 226 19 5 0 0 0 - - -;
#N canvas 0 22 450 278 (subpatch) 0;
#X array onda 500 float 1;
#A 0 0.999998 0.999998 0.999998 0.999998 0.999998 0.999998 0.999998
0.999998 0.999998 0.999998 0.999998 0.999998 0.999998 0.999998 0.999998
0.999998 0.999998 0.999998 0.999998 0.999998 0.999998 0.999998 0.999998
0.999998 0.999998 0.999998 0.999998 0.999998 0.999998 0.999998 0.999998
0.999998 0.999998 0.999998 0.75453 0 0 0 0 0 0 0 0 0 0 0 0 0 0 0 0
0 0 0 0 0 0 0 0 0 0 0 0 0 0 0 0 0 0 0 0 0 0 0 0 0 0 0 0 0 0 0 0 0 0
0 0 0 0 0 0 0 0 0 0 0 0 0 0 0 0 0 0 0 0 0 0 0 0 0.527676 0.999998 0.999998
0.999998 0.999998 0.999998 0.999998 0.999998 0.999998 0.999998 0.999998
0.999998 0.999998 0.999998 0.999998 0.999998 0.999998 0.999998 0.999998
0.999998 0.999998 0.999998 0.999998 0.999998 0.999998 0.999998 0.999998
0.999998 0.999998 0.999998 0.999998 0.999998 0.999998 0.999998 0.999998
0.999998 0.999998 0.999998 0.999998 0.999998 0.999998 0.999998 0.999998
0.999998 0.999998 0.999998 0.999998 0.999998 0.999998 0.999998 0.999998
0.999998 0.999998 0.999998 0.999998 0.999998 0.999998 0.999998 0.999998
0.999998 0.999998 0.999998 0.999998 0.999998 0.999998 0.999998 0.999998
0.999998 0.999998 0.999998 0.999998 0.999998 0.754533 0 0 0 0 0 0 0
0 0 0 0 0 0 0 0 0 0 0 0 0 0 0 0 0 0 0 0 0 0 0 0 0 0 0 0 0 0 0 0 0 0
0 0 0 0 0 0 0 0 0 0 0 0 0 0 0 0 0 0 0 0 0 0 0 0 0 0 0 0 0 0 0 0 0 0.527674
0.999998 0.999998 0.999998 0.999998 0.999998 0.999998 0.999998 0.999998
0.999998 0.999998 0.999998 0.999998 0.999998 0.999998 0.999998 0.999998
0.999998 0.999998 0.999998 0.999998 0.999998 0.999998 0.999998 0.999998
0.999998 0.999998 0.999998 0.999998 0.999998 0.999998 0.999998 0.999998
0.999998 0.999998 0.999998 0.999998 0.999998 0.999998 0.999998 0.999998
0.999998 0.999998 0.999998 0.999998 0.999998 0.999998 0.999998 0.999998
0.999998 0.999998 0.999998 0.999998 0.999998 0.999998 0.999998 0.999998
0.999998 0.999998 0.999998 0.999998 0.999998 0.999998 0.999998 0.999998
0.999998 0.999998 0.999998 0.999998 0.999998 0.999998 0.999998 0.754535
0 0 0 0 0 0 0 0 0 0 0 0 0 0 0 0 0 0 0 0 0 0 0 0 0 0 0 0 0 0 0 0 0 0
0 0 0 0 0 0 0 0 0 0 0 0 0 0 0 0 0 0 0 0 0 0 0 0 0 0 0 0 0 0 0 0 0 0
0 0 0 0 0 0 0.527671 0.999998 0.999998 0.999998 0.999998 0.999998 0.999998
0.999998 0.999998 0.999998 0.999998 0.999998 0.999998 0.999998 0.999998
0.999998 0.999998 0.999998 0.999998 0.999998 0.999998 0.999998 0.999998
0.999998 0.999998 0.999998 0.999998 0.999998 0.999998 0.999998 0.999998
0.999998 0.999998 0.999998 0.999998 0.999998 0.999998 0.999998 0.999998
0.999998 0.999998 0.999998 0.999998 0.999998 0.999998 0.999998 0.999998
0.999998 0.999998 0.999998 0.999998 0.999998 0.999998 0.999998 0.999998
0.999998 0.999998 0.999998 0.999998 0.999998 0.999998 0.999998 0.999998
0.999998 0.999998 0.999998 0.999998 0.999998 0.999998 0.999998 0.999998
0.999998 0.754538 0 0 0 0 0 0 0 0 0 0 0 0 0 0 0 0 0 0 0 0 0 0 0 0;
#X coords 0 1 499 -1 200 140 1;
#X restore 418 68 graph;
#X obj 212 207 tabwrite~ onda;
#X obj 265 117 tgl 15 0 empty empty empty 17 7 0 10 -262144 -1 -1 1
1;
#X obj 265 151 metro 40;
#X obj 35 64 *~ 20;
#X obj 38 170 polygate~ 2 20;
#X msg 130 118 choice \$1;
#X floatatom 129 77 5 0 0 0 - - -;
#X connect 0 0 11 0;
#X connect 1 0 0 0;
#X connect 2 0 12 0;
#X connect 4 0 5 0;
#X connect 5 0 12 1;
#X connect 6 0 4 0;
#X connect 9 0 10 0;
#X connect 10 0 8 0;
#X connect 11 0 2 0;
#X connect 12 0 3 0;
#X connect 12 0 8 0;
#X connect 13 0 12 0;
#X connect 14 0 13 0;
